111111111111111111111111111111111111111111111111111111111111111111111111111111111
100000000000000000000000001111000000000000000000000000000000000000000000000000001
100000000000000000000000011110000000000000000000000000000000000000000000000000001
100000000000000000000000111100000000000000000000000000000000000000000000000000001
100000000000000000000011111000000000000000000000000000000000000000000000000000001
100000000000000000000111100000000000000000000000000000000000000000000000000000001
100000000000000000001111000000000000000000000000000000000000000000000000000000001
100000000000000000111110000000000000000000000000000000000000000000000000000000001
100000000000000001111100000000000000000000000000000000000000000000000000000000001
100000000000000011110000000000000111111100000000000000000000000000000000000000001
100000000000001111100000000000001111111111111000000000000000000000000000000000001
100000000000011111000000000000111110011111111111100000000000000000000000000000001
100000000000111100000000000001111100000001111111111111000000000000000000000000001
100000000001111000000000000111110000000000000011111111111110000000000000000000001
100000000111110000000000001111100000000000000000000111111111110000000000000000001
100000001111000000000000111110000011100000000000000000001111111000000000000000001
100000011110000000000001111100000111111100000000000000000000111100000000000000001
100001111100000000000111110000001111111111110000000000000000011100000000000000001
100011111000000000001111100000011110011111111111000000000000001110000000000000001
100111100000000000111110000000111100000001111111111100000000001110000000000000001
111111000000000001111000000001111000000000000111111111110000000111000000000000001
111110000000000111110000000011110000000000000000011111111000000111000000000000001
111100000000001111000000000111100000000000000000000001111100000011100000000000001
111100000000111110000000001111000000000000000000000000011100000011110000000000001
101110000011111000000000011110000000000000000000000000001110000001110000000000001
101110000111110000000000111100000000011100000000000000001110000000111000000000001
101110000111000000000001111000000001111111111111110000000111000000111000000000001
101110000111000000000011110000000011111111111111111000000111000000011100000000001
101110000011000000000111100000000111100000001111111000000011100000011100000000001
101110000011000000001111000000001111000000000000011100000011100000001110000000001
100110000011100000011110000000011110000000000000011100000001110000001110000000001
100110000011100000111100000001111100000000000000001110000000111000000111000000001
100110000011100000111000000011110000000000000000000111000000111000000111100000001
100111000011100000111000000111100000000001111100000111000000011100000011100000001
100111000011100000111000001111000000001111111100000011100000011100000001110000001
100111000001100000111000001110000000011111111110000011100000001110000001110000001
100111000001100000111000001110000000111100000111000001110000001110000000111000001
100111000001110000111000001110000001111000000111100001111000000111000000111000001
100011000001110000111000000110000001110000000011100000111000000111000000011100001
100011000001110000111000000111000001110000000001110000011100000011100000011110001
100011100001110000011000000111000001110301000001111000011100000111000000001110001
100011100001110000011000000111000001111111100000110000001100000111000000000111001
100011100001110000011000000111000000111111000001110000011100000110000000000111001
100011100000110000011000000111000000111110000001110000011100001110000000000111001
100011100000110000011100000011000000000000000011100000111000001110000000000111001
100011100000111000011100000011100000000000000011100000111000011100000000001110001
100011100000111000011100000011110000000000000011100000111000011100000000011100001
100001100000111000011100000001111100000000011111000001110000011000000000011100001
100001100000111000011100000000011111000011111111000001110000111000000000111000001
100001110000111000011110000000001111111111111100000001110000111000000001111000001
100001110000011000001111100000000011111111100000000011100001110000000001110000001
100001110000011000000111110000000000111000000000000011100001110000000011100000001
100001110000011100000001111100000000000000000000000011000001110000000011100000001
100001110000011100000000111110000000000000000000000111000011100000000111000000001
100000110000011100000000001111100000000000000000000111000011100000001110000000001
100000111000011110000000000111110000000000000000111110000011000000001110000000001
100000111100001111000000000001111100000000000111111110000111000000011100000000001
100000011110000111110000000000111110000000111111111000000111000000111100000000001
100000001111000001111000000000001111100111111111000000001110000000111000000000001
100000000111100000111110000000000111111111110000000000001110000001110000000000001
100000000011110000001111000000000001111110000000000000111100000011110000000000001
100000000000111000000111110000000000110000000000000011111100000011100000000000001
100000000000011100000001111000000000000000000000011111111000000111000000000000001
100000000000001111000000111110000000000000000011111111000000000111000000000000001
100000000000000111100000001111000000000000001111111000000000001110000000000000001
100000000000000011110000000111110000000001111111100000000000011110000000000000001
100000000000000001111000000011111000001111111100000000000001111100000000000000001
100000000000000000111100000000111110111111100000000000000111111000000000000000001
100000000000000000011110000000011111111110000000000000111111100000000000000000001
100000000000000000001111000000000111110000000000000011111110000000000000000000001
100000000000000000000111100000000000000000000000011111110000000000000000000000001
100000000000000000000011110000000000000000000001111111000000000000000000000000001
100000000000000000000001111000000000000000001111111000000000000000000000000000001
100000000000000000000000111100000000000000111111100000000000000000000000000000001
100000000000000000000000011110000000000111111100000000000000000000000000000000001
100000000000000000000000001111000000011111110000000000000000000000000000000000001
100000000000000000000000000111100011111110000000000000000000000000000000000000001
100000000000000000000000000011111111111000000002000000000000000000000000000000001
100000000000000000000000000001111111000000000000000000000000000000000000000000001
100000000000000000000000000000111110000000000000000000000000000000000000000000001
111111111111111111111111111111111111111111111111111111111111111111111111111111111