000000000000000000000000000000000000000000000000000000000000000000000000000000000
000000000000000000000000000000000000000000000000000000000000000000000000000000000
000000000000000000000000000000000000000000000000000000000000000000000000000000000
000000000000011000000000000000000000000000000000000000000000000000000000000000000
000000000000011100000000000000000000000000000000000000000000000000000000000000000
000000000000010011000000000000000000000000000000000000000000000000000000000000000
000000000000010001110000000000000000000000000000000000000000000000000000000000000
000000000000010000011100000000000000000000000000000000000000000000000000000000000
000000000000010010000111000000000000000000000000000000000000000000000000000000000
000000000000010011100001100000000000000000000000000000000000000000000000000000000
000000000000010011111000011000000000000000000000000000000000000000000000000000000
000000000000010010001100001110000000000000000000000000000000000000000000000000000
000000000000010010000011000011100000000000000000000000000000000000000000000000000
000000000000010010000001110000111000000000000000000000000000000000000000000000000
000000000000010010011000011100001100000000000000000000000000000000000000000000000
000000000000010010011110000111000011000000000000000000000000000000000000000000000
000000000000010010011011100001100001110000000000000000000000000000000000000000000
000000000000010010011000111000011000011100000000000000000000000000000000000000000
000000000000010011011000001100001110000111000000000000000000000000000000000000000
000000000000010011011000000011000011100001100000000000000000000000000000000000000
000000000000010011011011100001110000111000011000000000000000000000000000000000000
000000000000010011011011111000011100001100001110000000000000000000000000000000000
000000000000010011011011001110000111000011000011100000000000000000000000000000000
000000000000010011011001000011100001100000110000111000000000000000000000000000000
000000000000010011011001000000111000011000011100001100000000000000000000000000000
000000000000010011011001001100001100000110000111000011000000000000000000000000000
000000000000010011011001001110000011000011100001110001110000000000000000000000000
000000000000011011001001001001100000110000111000011000011100000000000000000000000
000000000000011011001001001000011000011100001110000110000111000000000000000000000
000000000000011011001001001000001110000111000011000011100001100000000000000000000
000000000000011011001001001001000011100001110000110000111000011000000000000000000
000000000000011011001001001001110000111000011100001100001110001110000000000000000
000000000000011011001001001001011100001110000110000111000011000011100000000000000
000000000000011011001001001001000111000011100001100001110000110000111000000000000
000000000000011001001001001001000001110000111000111000011100011100001100000000000
000000000000011001001001001001000000011100001100001110000110000111000011000000000
000000000000011001001001001001001100000111000011000011100001100001110001110000000
000000000000011001001001001001001111100001110000110000111000111000011000011100000
000000000000011001001001001001101100111000011100011100001100001110000110000111000
000000000000011001001001001001100120001110000111000111000011000011100001100001100
000000000000011001001001001001100110000111000011000011000011100001100001110001110
000000000000011001001001001001100110001100001100001110000110000111000111000011000
000000000000011001001001001100100100011000011000011000011100011100001100001110000
000000000000011001001001001100100001100001100001110001110000110000111000111000000
000000000000011001001001001100100011000111000011000011000011100011100001100000000
000000000000001001001001001100101100001100001100001110001110000110000111000000000
000000000000001001001001001100111000111000111000011000011000011000011100000000000
000000000000001001001001001100110001100001100001100001110001110000110000000000000
000000000000001001001001001100000110000110000111000111000011000011000000000000000
000000000000001001001001100100001100011100001100001100001100001110000000000000000
000000000000001001001001100100110000110000110000111000111000011000000000000000000
000000000000001001001001100111100011100011100011100001100001100000000000000000000
000000000000001001001001100110000110000110000110000110000111000000000000000000000
000000000000001001001001100100011000011000011000011100001100000000000000000000000
000000000000001001001001100001110001110001110000110000110000000030000000000000000
000000000000001001001001100011000011000011000011000011100000000000000000000000000
000000000000001001001001101100001100001100001110001110000000000000000000000000000
000000000000001001001001111000111000111000011000011000000000000000000000000000000
000000000000001001001001100001100001100001100001110000000000000000000000000000000
000000000000001001001000000110000110000111000111000000000000000000000000000000000
000000000000001001001000011100011100001100001100000000000000000000000000000000000
000000000000001001001100110000110000110000110000000000000000000000000000000000000
000000000000001001001111000011000011100011100000000000000000000000000000000000000
000000000000001001001110001110001110000110000000000000000000000000000000000000000
000000000000001001000000011000011000011000000000000000000000000000000000000000000
000000000000001001000001100001110001110000000000000000000000000000000000000000000
000000000000001001000111000111000011000000000000000000000000000000000000000000000
000000000000001001001100001100001100000000000000000000000000000000000000000000000
000000000000001001110000110000111000000000000000000000000000000000000000000000000
000000000000001001100011100001100000000000000000000000000000000000000000000000000
000000000000001000000110000110000000000000000000000000000000000000000000000000000
000000000000001000011000011100000000000000000000000000000000000000000000000000000
000000000000001001110001110000000000000000000000000000000000000000000000000000000
000000000000001111000011000000000000000000000000000000000000000000000000000000000
000000000000001100001100000000000000000000000000000000000000000000000000000000000
000000000000001000111000000000000000000000000000000000000000000000000000000000000
000000000000000001100000000000000000000000000000000000000000000000000000000000000
000000000000000110000000000000000000000000000000000000000000000000000000000000000
000000000000011100000000000000000000000000000000000000000000000000000000000000000
000000000000110000000000000000000000000000000000000000000000000000000000000000000
000000000000000000000000000000000000000000000000000000000000000000000000000000000
000000000000000000000000000000000000000000000000000000000000000000000000000000000
000000000000000000000000000000000000000000000000000000000000000000000000000000000